'MASS':  9.10938356e-31 #[kg]

'CHARGE': 1.602176634E-19 #[C]